Liquidus temperature,Solidus temperature,Mole fraction Ti,Mole fraction Zr,Mole fraction Hf,Mole fraction V,Mole fraction Nb,Mole fraction Ta,Mole fraction Cr,Mole fraction Mo,Mole fraction W,Mole fraction Re
1956.9974,1618.69988,0.10484,0.25646,0.05962,0.17589,0.09359,0.07241,0.18324,0.02638,0.02657,0.001
1758.10209,1627.56209,0.1553,0.22384,0.10751,0.13223,0.1075,0.02992,0.22266,0.01904,0.001,0.001
1827.5243,1628.73881,0.13768,0.2313,0.09957,0.14308,0.09583,0.05095,0.21002,0.02098,0.00959,0.001
2126.77303,1645.89131,0.1077,0.21972,0.06903,0.151,0.08784,0.1006,0.16652,0.03475,0.04193,0.0209
1994.01077,1619.13736,0.10291,0.25507,0.0561,0.17474,0.09326,0.07903,0.17794,0.02955,0.03039,0.001
2012.39584,1635.95359,0.11824,0.21846,0.08611,0.15271,0.08894,0.08737,0.18741,0.024,0.03316,0.00361
1914.77194,1614.81454,0.10176,0.26195,0.05998,0.1852,0.09403,0.06271,0.18659,0.02279,0.02398,0.001
1894.72914,1613.02337,0.1003,0.26206,0.06175,0.19031,0.09388,0.05809,0.18897,0.01997,0.02367,0.001
2053.7828,1611.87504,0.07407,0.26418,0.04174,0.20797,0.08939,0.08057,0.15635,0.03292,0.04204,0.01077
1674.04153,1619.68022,0.20066,0.19507,0.12586,0.14356,0.09898,0.01923,0.21335,0.001,0.00128,0.001
2214.46413,1622.60994,0.06204,0.25906,0.01919,0.20614,0.08495,0.10368,0.12503,0.0451,0.05785,0.03698
2035.52048,1630.73075,0.11112,0.23247,0.06763,0.15956,0.09039,0.08842,0.18128,0.02647,0.03463,0.00804
2071.0656,1631.52339,0.10584,0.23609,0.05996,0.16155,0.09021,0.09231,0.17322,0.03064,0.03734,0.01285
1854.82254,1615.66566,0.11193,0.2603,0.06836,0.17933,0.09468,0.04925,0.19528,0.02364,0.01623,0.001
1803.33642,1633.03088,0.14534,0.22081,0.11392,0.13369,0.10123,0.04273,0.21426,0.02345,0.00357,0.001
2117.3984,1632.71199,0.09874,0.24078,0.04965,0.16409,0.08994,0.09767,0.16229,0.03628,0.04106,0.01949
2311.41752,1609.92018,0.07645,0.24984,0.001,0.26057,0.05985,0.12089,0.07728,0.02179,0.09441,0.03792
2012.00625,1648.30419,0.12153,0.19854,0.11861,0.14754,0.08949,0.07708,0.17874,0.03187,0.03449,0.0021
1844.84223,1639.37779,0.15163,0.19956,0.13871,0.13518,0.09879,0.03996,0.19786,0.02586,0.01145,0.001
1994.36827,1613.49686,0.09166,0.26366,0.04997,0.1907,0.09273,0.07566,0.17164,0.03035,0.03263,0.001
2026.63073,1611.66667,0.08108,0.26465,0.04538,0.20173,0.09078,0.07824,0.16291,0.03164,0.03819,0.0054
1715.47148,1616.11409,0.34061,0.1502,0.13631,0.1404,0.07109,0.001,0.15739,0.001,0.001,0.001
1812.23044,1613.50142,0.1149,0.26719,0.06838,0.17832,0.09678,0.03999,0.19869,0.02388,0.01087,0.001
1996.30848,1632.48309,0.11694,0.22405,0.08047,0.15815,0.08921,0.08247,0.18932,0.02307,0.03179,0.00452
1732.38756,1627.68603,0.22331,0.14477,0.16972,0.15764,0.09439,0.01178,0.18543,0.001,0.01096,0.001
1656.00834,1609.48924,0.23319,0.20501,0.12013,0.13923,0.09078,0.001,0.20766,0.001,0.001,0.001
2022.22221,1623.47205,0.10503,0.24678,0.05888,0.16866,0.092,0.08471,0.17699,0.02957,0.03327,0.0041
1590.19157,1566.74896,0.14485,0.38962,0.05432,0.17767,0.0622,0.001,0.16733,0.001,0.001,0.001
1858.07805,1628.2762,0.13281,0.23261,0.09377,0.1482,0.09399,0.05632,0.20584,0.02139,0.01407,0.001
1926.56738,1642.58976,0.1315,0.20613,0.12356,0.14238,0.09211,0.05989,0.19108,0.03,0.02234,0.001
1772.42409,1627.29723,0.14543,0.23224,0.09985,0.13821,0.10599,0.03451,0.21981,0.02196,0.001,0.001
2030.1071,1608.82055,0.07086,0.26515,0.04466,0.21654,0.08879,0.0759,0.15857,0.02978,0.04182,0.00795
2012.10871,1606.44546,0.06759,0.26593,0.04685,0.22429,0.08818,0.07211,0.15994,0.0272,0.04192,0.00597
2101.38506,1618.80033,0.08322,0.26208,0.03594,0.18669,0.09111,0.09074,0.15288,0.03985,0.04159,0.01592
2251.71664,1605.00504,0.06918,0.25437,0.00646,0.25287,0.06822,0.10957,0.0994,0.0256,0.0813,0.03303
2109.48723,1613.13432,0.06,0.26311,0.03398,0.21993,0.08659,0.08581,0.14265,0.03588,0.04996,0.02209
1927.41684,1611.48778,0.08919,0.26339,0.05881,0.20266,0.09155,0.06266,0.18,0.02202,0.02871,0.001
1621.62116,1562.66237,0.21952,0.34728,0.06768,0.18376,0.03209,0.001,0.14568,0.001,0.001,0.001
1907.4298,1607.84528,0.08112,0.26419,0.06098,0.21776,0.08998,0.05677,0.17988,0.018,0.03031,0.001
2114.88927,1621.01614,0.08692,0.26142,0.03431,0.17898,0.09181,0.09394,0.15231,0.04205,0.04109,0.01716
1749.7534,1616.12566,0.14913,0.27996,0.08538,0.12693,0.11016,0.001,0.20811,0.03733,0.001,0.001
2178.20356,1619.01951,0.06135,0.26046,0.02433,0.21123,0.08544,0.09742,0.13109,0.04176,0.05519,0.03173
1909.41434,1611.81968,0.09321,0.26287,0.06059,0.19901,0.09237,0.05977,0.18413,0.02052,0.02652,0.001
2163.92226,1620.63371,0.06513,0.26096,0.02699,0.20334,0.08752,0.09619,0.13643,0.04281,0.05133,0.0293
1990.90588,1606.34682,0.07308,0.26629,0.04966,0.21936,0.08927,0.07034,0.16504,0.02623,0.03893,0.00181
2263.35905,1612.61638,0.03357,0.29158,0.001,0.3274,0.00196,0.10721,0.04655,0.001,0.08056,0.10917
1752.48535,1629.10242,0.20618,0.15836,0.16496,0.15333,0.09493,0.01977,0.18606,0.0019,0.01352,0.001
1701.29002,1625.90792,0.27736,0.11745,0.17184,0.16114,0.09175,0.001,0.17646,0.001,0.001,0.001
2253.53113,1598.98101,0.07152,0.25315,0.00356,0.2713,0.06238,0.10965,0.09217,0.01751,0.08885,0.0299
2122.22684,1641.18731,0.10609,0.226,0.06083,0.15446,0.08846,0.10026,0.16809,0.03278,0.04152,0.02151
2210.916,1665.58331,0.10103,0.21326,0.06851,0.14562,0.0877,0.10636,0.14463,0.04883,0.04968,0.03436
2130.88123,1622.44186,0.08582,0.26067,0.03239,0.17807,0.09152,0.09625,0.14959,0.0434,0.04242,0.01986
2132.54397,1602.78597,0.06401,0.26046,0.02677,0.24643,0.07711,0.08914,0.12812,0.02483,0.06325,0.01987
1738.9264,1617.06923,0.168,0.25524,0.09519,0.12847,0.1084,0.001,0.21218,0.02951,0.001,0.001
1962.68687,1609.50599,0.08189,0.26453,0.05392,0.20979,0.09064,0.06727,0.17253,0.02462,0.03381,0.001
1921.3691,1610.8886,0.08801,0.26348,0.05955,0.20521,0.09128,0.06128,0.18039,0.0211,0.02871,0.001
2120.31605,1642.48974,0.10731,0.22342,0.06445,0.15287,0.08815,0.10047,0.1686,0.0329,0.04127,0.02056
1802.81693,1634.44632,0.14674,0.21747,0.11869,0.13162,0.10241,0.04047,0.21409,0.02476,0.00276,0.001
1861.62018,1608.70635,0.09637,0.26462,0.06366,0.20142,0.09479,0.04645,0.19089,0.01683,0.02395,0.001
2120.97462,1609.37659,0.06136,0.2621,0.03109,0.22802,0.08345,0.08756,0.13727,0.03264,0.05457,0.02194
2135.32606,1657.06504,0.10852,0.20819,0.0861,0.14749,0.08785,0.09622,0.15955,0.04058,0.04383,0.02167
1668.5894,1609.26009,0.25931,0.19885,0.12259,0.13609,0.08292,0.001,0.19624,0.001,0.001,0.001
1597.17922,1546.70227,0.174,0.42469,0.05016,0.20324,0.01452,0.001,0.12939,0.001,0.001,0.001
1642.95857,1592.42781,0.22115,0.27192,0.0954,0.14842,0.07452,0.001,0.18458,0.001,0.001,0.001
2218.58705,1628.34314,0.06985,0.25881,0.01978,0.18713,0.08837,0.10669,0.12986,0.0498,0.05291,0.03679
2048.00636,1634.58829,0.11261,0.22593,0.07154,0.15616,0.08935,0.09098,0.18141,0.02599,0.0358,0.01022
1921.0196,1618.96492,0.10945,0.25217,0.06606,0.17523,0.09367,0.06519,0.19077,0.02228,0.02418,0.001
1747.69501,1615.19365,0.14732,0.27831,0.08228,0.13376,0.10876,0.001,0.20903,0.03753,0.001,0.001
2119.35517,1620.20634,0.0819,0.26155,0.03355,0.18575,0.09083,0.0933,0.14971,0.04147,0.04305,0.01889
1666.57641,1607.6023,0.21843,0.23514,0.10795,0.13198,0.0948,0.001,0.20408,0.00462,0.001,0.001
1673.82721,1610.22058,0.27141,0.18897,0.12723,0.13627,0.07961,0.001,0.19251,0.001,0.001,0.001
1963.71115,1621.15037,0.10797,0.2496,0.06387,0.17153,0.09293,0.075,0.18533,0.02513,0.02763,0.001
1785.46063,1627.55166,0.14241,0.23381,0.09899,0.14038,0.1018,0.04155,0.21622,0.02113,0.00272,0.001
2054.99755,1608.14057,0.06159,0.26486,0.04115,0.22642,0.08696,0.07734,0.15138,0.03041,0.04634,0.01355
1602.88036,1574.93924,0.13114,0.37958,0.05609,0.16713,0.08022,0.001,0.18184,0.001,0.001,0.001
1941.97802,1619.43574,0.10782,0.25288,0.06356,0.17412,0.09359,0.0701,0.18749,0.02373,0.02571,0.001
2039.14771,1606.90872,0.06235,0.26535,0.04323,0.22783,0.08713,0.07498,0.154,0.0289,0.04519,0.01103
1954.4929,1650.48049,0.13048,0.19275,0.14129,0.14099,0.09315,0.05873,0.18036,0.03506,0.02618,0.001
1683.73832,1612.31759,0.2926,0.16869,0.13816,0.13769,0.07426,0.001,0.1846,0.001,0.001,0.001
1937.76356,1616.63894,0.10315,0.26186,0.05793,0.17972,0.09415,0.06803,0.1837,0.02601,0.02445,0.001
1660.57573,1608.4664,0.19608,0.23647,0.10526,0.13659,0.10025,0.001,0.21593,0.00642,0.001,0.001
1948.66816,1619.03569,0.10612,0.25515,0.06151,0.17518,0.09355,0.07122,0.18518,0.0252,0.02589,0.001
1611.19114,1568.29182,0.18857,0.35309,0.06747,0.17627,0.05026,0.001,0.16034,0.001,0.001,0.001
1817.11529,1635.98251,0.14569,0.21444,0.12253,0.1316,0.1014,0.04127,0.21108,0.02621,0.00479,0.001
1869.6239,1611.09293,0.10027,0.26225,0.06379,0.19396,0.09421,0.05234,0.1924,0.01703,0.02275,0.001
1765.072,1628.54693,0.18344,0.18961,0.13998,0.14307,0.09678,0.02775,0.19905,0.00939,0.00993,0.001
1704.22053,1619.30204,0.30574,0.13749,0.1552,0.14991,0.08006,0.001,0.1676,0.001,0.001,0.001
2027.07196,1638.09858,0.11725,0.21689,0.08682,0.15197,0.08877,0.08813,0.18425,0.02602,0.03438,0.0055
1818.20488,1635.90402,0.18185,0.17327,0.15776,0.14664,0.09474,0.0299,0.18503,0.0131,0.01672,0.001
1752.73005,1619.12861,0.15268,0.26055,0.09142,0.12875,0.1123,0.001,0.21547,0.03583,0.001,0.001
2027.36316,1607.48676,0.06725,0.26545,0.0449,0.22238,0.08809,0.07445,0.1576,0.02872,0.04288,0.00828
2006.2532,1648.17777,0.12176,0.19853,0.11886,0.1487,0.08868,0.07543,0.17962,0.03241,0.03366,0.00235
1838.14853,1609.90577,0.10493,0.26698,0.06419,0.18974,0.09685,0.04434,0.1955,0.01794,0.01853,0.001
2060.46356,1625.30003,0.10101,0.24741,0.05303,0.16874,0.09148,0.08939,0.1698,0.0331,0.03628,0.00976
1940.72488,1615.15536,0.09857,0.26241,0.0574,0.1865,0.09336,0.06742,0.18162,0.02543,0.02629,0.001
1838.33217,1625.06833,0.12897,0.23912,0.0846,0.15832,0.10009,0.04685,0.20605,0.02512,0.00987,0.001
1816.18916,1623.86012,0.12885,0.24254,0.08251,0.16102,0.10339,0.04054,0.20773,0.0262,0.00622,0.001
1906.76001,1611.61409,0.09311,0.26288,0.06083,0.19955,0.09237,0.05917,0.18449,0.02016,0.02644,0.001
1829.8344,1624.642,0.1285,0.2403,0.08295,0.16044,0.10232,0.04358,0.20663,0.02622,0.00805,0.001
2065.71137,1636.98068,0.11182,0.22412,0.07127,0.15468,0.08891,0.09347,0.1785,0.02767,0.03709,0.01248
